/スキル名、状態異常（無,毒,猛毒,火傷,睡眠,麻痺,弱体,凍結,石化,出血,洗脳）スキルID、消費SP、回復HP、回復MP、継続ターン、対象が自分かそれ以外か（自分なら０、それ以外なら１）
/続き。対象を選ぶ（1で敵。0で味方）係数倍したあと攻撃するかどうか（０で実行、１でしない）、ターン継続時に動けるかどうか（０で動ける、１で動けない）、対象人数
/続き。消費スキルポイント、状態異常の数、状態異常の確率（１〜１００）
/続き。物理攻撃力係数、物理防御力係数、魔法攻撃力係数、魔法防御力係数、俊敏係数、
少し強く叩く,無,1,2,0,0,1,0,0,0,1,1,1,0,0,1.1,0.9,1.0,1.0,1.0,
普通に強く叩く,無,2,4,0,0,1,0,0,0,1,1,3,0,0,1.4,0.7,1.0,1.0,1.0,
すごく強く叩く,無,3,8,0,0,1,0,0,0,1,1,10,0,0,1.8,0.5,1.0,1.0,1.0,
寝る,無,4,0,5,5,3,0,0,1,1,1,3,0,0,1.0,0.5,1.0,0.5,1.0,
深く寝る,無,5,0,10,10,5,0,0,1,1,1,5,0,0,1.0,0.0,1.0,0.0,1.0,
応援,無,6,10,0,0,3,1,0,1,0,1,10,0,0,1.5,1.0,1.5,1.0,1.0,
回し蹴り,無,7,5,0,0,1,0,0,0,1,2,15,0,0,1.1,0.8,1.0,0.8,1.0,
毒々,毒,8,10,0,0,3,1,1,1,0,1,5,1,30,1.0,1.0,1.0,1.0,1.0,