840,839,840,839,840,839,840,839,840,839,840,839,840,839,840,839,2105,1117,2107,240,241,242,2251,2251,2251,2251,2251,2251,2251,2251,2251,2251,2251,2251,2251,2251,2251,2251,2251,2251,2251,2251,2251,2251,2251,2251,2251,2251,2251,2251,2251,2251,2251,2251,2251,2251,2251,2251,2251,2251,2251,2251,2251,2251,2251,2251,2251,2251,2251,2251,2251,2251,2251,2251,2251,2251,2251,2251,2251,2251,2251,2251,2251,2251,2251,2251,2251,2251,2251,2251,2251,2251,2251,2251,2251,2251,2251,2251,2251,2251,
856,855,856,855,856,855,856,855,856,855,856,855,856,855,839,840,2105,1117,2107,240,241,242,2251,2251,2251,2251,2251,2251,2251,2251,2251,2251,2251,2251,2251,2251,2251,2251,2251,2251,2251,2251,2251,2251,2251,2251,2251,2251,2251,2251,2251,2251,2251,2251,2251,2251,2251,2251,2251,2251,2251,2251,2251,2251,2251,2251,2251,2251,2251,2251,2251,2251,2251,2251,2251,2251,2251,2251,2251,2251,2251,2251,2251,2251,2251,2251,2251,2251,2251,2251,2251,2251,2251,2251,2251,2251,2251,2251,2251,2251,
840,839,840,839,840,823,824,823,824,823,824,839,840,839,855,856,2105,1147,2107,240,241,242,2251,2251,2251,2251,2251,2251,2251,2251,2251,2251,2251,2251,2251,2251,2251,2251,2251,2251,2251,2251,2251,2251,2251,2251,2251,2251,2251,2251,2251,2251,2251,2251,2251,2251,2251,2251,2251,2251,2251,2251,2251,2251,2251,2251,2251,2251,2251,2251,2251,2251,2251,2251,2251,2251,2251,2251,2251,2251,2251,2251,2251,2251,2251,2251,2251,2251,2251,2251,2251,2251,2251,2251,2251,2251,2251,2251,2251,2251,
856,855,856,855,856,967,2251,2251,2251,869,870,840,856,855,839,840,2105,1177,2107,237,238,239,2251,2251,2251,2251,2251,2251,2251,2251,2251,2251,2251,2251,2251,2251,2251,2251,2251,2251,2251,2251,2251,2251,2251,2251,2251,2251,2251,2251,2251,2251,2251,2251,2251,2251,2251,2251,2251,2251,2251,2251,2251,2251,2251,2251,2251,2251,2251,2251,2251,2251,2251,2251,2251,2251,2251,2251,2251,2251,2251,2251,2251,2251,2251,2251,2251,2251,2251,2251,2251,2251,2251,2251,2251,2251,2251,2251,2251,2251,
840,839,840,839,840,967,2251,2251,2251,2251,2251,856,840,839,855,856,2105,1207,2107,267,268,269,2251,2251,2251,2251,2251,2251,2251,2251,2251,2251,2251,2251,2251,2251,2251,2251,2251,2251,2251,2251,2251,2251,2251,2251,2251,2251,2251,2251,2251,2251,2251,2251,2251,2251,2251,2251,2251,2251,2251,2251,2251,2251,2251,2251,2251,2251,2251,2251,2251,2251,2251,2251,2251,2251,2251,2251,2251,2251,2251,2251,2251,2251,2251,2251,2251,2251,2251,2251,2251,2251,2251,2251,2251,2251,2251,2251,2251,2251,
856,855,856,855,856,967,2251,2315,2316,2251,2251,840,856,855,839,840,2105,1207,2107,297,298,299,2251,2251,2251,2251,2251,2251,2251,2251,2251,2251,2251,2251,2251,2251,2251,2251,2251,2251,2251,2251,2251,2251,688,2251,2251,2251,2251,2251,2251,2251,2251,2251,2251,2251,2251,2251,2251,2251,2251,2251,2251,2251,2251,2251,2251,2251,2251,2251,2251,2251,2251,2251,2251,2251,2251,2251,2251,2251,2251,2251,2251,2251,2251,2251,2251,2251,2251,2251,2251,2251,2251,2251,2251,2251,2251,2251,2251,2251,
840,839,840,839,840,967,2251,2251,2251,2251,2251,856,840,839,855,856,2105,1207,2107,2251,2251,2251,2251,2251,2251,2251,2251,2251,2251,2251,2251,2251,2251,2251,2251,2251,2251,2251,2251,2251,2251,2251,2251,2251,2251,2251,2251,2251,2251,2251,2251,2251,2251,2251,2251,2251,2251,2251,2251,2251,2251,2251,2251,2251,2251,2251,2251,2251,2251,2251,2251,2251,2251,2251,2251,2251,2251,2251,2251,2251,2251,2251,2251,2251,2251,2251,2251,2251,2251,2251,2251,2251,2251,2251,2251,2251,2251,2251,2251,2251,
856,855,856,855,856,967,2276,2251,2251,2251,2251,840,856,855,839,840,2105,1207,2107,2251,2251,2251,2251,2251,2251,2251,2251,2251,2251,2251,2251,2251,2251,2251,2251,2251,2251,2251,2251,2251,2251,2251,2251,2251,2251,2251,2251,2251,2251,2251,2251,2251,2251,2251,2251,2251,2251,2251,2251,2251,2251,2251,2251,2251,2251,2251,2251,2251,2251,2251,2251,2251,2251,2251,2251,2251,2251,2251,2251,2251,2251,2251,2251,2251,2251,2251,2251,2251,2251,2251,2251,2251,2251,2251,2251,2251,2251,2251,2251,2251,
840,839,840,839,840,808,2284,2251,2251,2251,807,856,840,839,840,856,2105,1207,2107,2251,2251,2251,2251,2251,2251,2251,2251,2251,2251,2251,2251,2251,2251,2251,2251,2251,2251,2251,2251,2251,2251,2251,2251,2251,2251,2251,2251,2251,2251,2251,2251,2251,2251,2251,2251,2251,2251,2251,2251,2251,2251,2251,2251,2251,2251,2251,2251,2251,2251,2251,2251,2251,2251,2251,2251,2251,2251,2251,2251,2251,2251,2251,2251,2251,2251,2251,2251,2251,2251,2251,2251,2251,2251,2251,2251,2251,2251,2251,2251,2251,
856,855,856,855,856,824,937,2251,2251,937,823,855,856,855,856,855,2105,1207,2107,2251,2251,2251,2251,2251,2251,2251,2251,2251,2251,2251,2251,2251,2251,2251,2251,2251,2251,2251,2251,2251,2251,2251,2251,2251,2251,2251,2251,2251,2251,2251,2251,2251,2251,2251,2251,2251,2251,2251,2251,2251,2251,2251,2251,2251,2251,2251,2251,2251,2251,2251,2251,2251,2251,2251,2251,2251,2251,2251,2251,2251,2251,2251,2251,2251,2251,2251,2251,2251,2251,2251,2251,2251,2251,2251,2251,2251,2251,2251,2251,2251,
824,823,824,823,824,837,953,2251,2251,953,837,823,824,823,824,823,2105,1207,2107,2251,2251,2251,2251,2251,2251,2251,2251,2251,2251,2251,2251,2251,2251,2251,2251,2251,2251,2251,2251,2251,2251,2251,2251,2251,2251,2251,2251,2251,2251,2251,2251,2251,2251,2251,2251,2251,2251,2251,2251,2251,2251,2251,2251,2251,2251,2251,2251,2251,2251,2251,2251,2251,2251,2251,2251,2251,2251,2251,2251,2251,2251,2251,2251,2251,2251,2251,2251,2251,2251,2251,2251,2251,2251,2251,2251,2251,2251,2251,2251,2251,
2201,2202,2251,2287,2287,2287,2251,2251,2251,2251,2287,2287,2287,2251,2251,2251,2105,1207,2107,2251,2251,2251,2251,2251,2251,2251,2251,2251,2251,2251,2251,2251,2251,2251,2251,2251,2251,2251,2251,2251,2251,2251,2251,2251,2251,2251,2251,2251,2251,2251,2251,2251,2251,2251,2251,2251,2251,2251,2251,2251,2251,2251,2251,2251,2251,2251,2251,2251,2251,2251,2251,2251,2251,2251,2251,2251,2251,2251,2251,2251,2251,2251,2251,2251,2251,2251,2251,2251,2251,2251,2251,2251,2251,2251,2251,2251,2251,2251,2251,2251,
2209,2210,2251,2251,2287,2251,2251,2251,2251,2251,2251,2287,2251,2251,2251,2287,2105,1117,2107,2251,2251,2251,2251,2251,2251,2251,2251,2251,2251,2251,2251,2251,2251,2251,2251,2251,2251,2251,2251,2251,2251,2251,2251,2251,2251,2251,2251,2251,2251,2251,2251,2251,2251,2251,2251,2251,2251,2251,2251,2251,2251,2251,2251,2251,2251,2251,2251,2251,2251,2251,2251,2251,2251,2251,2251,2251,2251,2251,2251,2251,2251,2251,2251,2251,2251,2251,2251,2251,2251,2251,2251,2251,2251,2251,2251,2251,2251,2251,2251,2251,
2251,2251,2251,2251,956,957,957,957,957,957,957,957,957,958,2287,2287,2105,1147,2107,2251,2251,2251,2251,2251,2251,2251,2251,2251,2251,2251,2251,2251,2251,2251,2251,2251,2251,2251,2251,2251,2251,2251,2251,2251,2251,2251,2251,2251,2251,2251,2251,2251,2251,2251,2251,2251,2251,2251,2251,2251,2251,2251,2251,2251,2251,2251,2251,2251,2251,2251,2251,2251,2251,2251,2251,2251,2251,2251,2251,2251,2251,2251,2251,2251,2251,2251,2251,2251,2251,2251,2251,2251,2251,2251,2251,2251,2251,2251,2251,2251,
2296,2251,2251,2251,972,2287,2287,2287,2287,2287,2287,2287,2287,974,2287,2251,2105,1177,2107,2251,2278,2278,2251,2251,2251,2251,2251,2251,2251,2251,2251,2251,2251,2251,2251,2251,2251,2251,2251,2251,2251,2251,2251,2251,2251,2251,2251,2251,2251,2251,2251,2251,2251,2251,2251,2251,2251,2251,2251,2251,2251,2251,2251,2251,2251,2251,2251,2251,2251,2251,2251,2251,2251,2251,2251,2251,2251,2251,2251,2251,2251,2251,2251,2251,2251,2251,2251,2251,2251,2251,2251,2251,2251,2251,2251,2251,2251,2251,2251,2251,
2098,2099,2251,2251,972,2033,2034,2035,2036,2033,2034,2035,2036,974,2287,2251,2105,1117,2107,2251,2251,2278,2251,2251,2251,2251,2251,2251,2251,2251,2251,2251,2251,2251,2251,2251,2251,2251,2251,2251,2251,2251,2251,2251,2251,2251,2251,2251,2251,2251,2251,2251,2251,2251,2251,2251,2251,2251,2251,2251,2251,2251,2251,2251,2251,2251,2251,2251,2251,2251,2251,2251,2251,2251,2251,2251,2251,2251,2251,2251,2251,2251,2251,2251,2251,2251,2251,2251,2251,2251,2251,2251,2251,2251,2251,2251,2251,2251,2251,2251,
2394,2107,2251,2287,972,2041,2042,2043,2044,2041,2042,2043,2044,974,2287,2287,2105,1147,2107,2251,2251,2278,2251,2293,2251,2251,2251,2251,2251,2251,2251,2251,2251,2251,2251,2251,2251,2251,2251,2251,2251,2251,2251,2251,2251,2251,2251,2251,2251,2251,2251,2251,2251,2251,2251,2251,2251,2251,2251,2251,2251,2251,2251,2251,2251,2251,2251,2251,2251,2251,2251,2251,2251,2251,2251,2251,2251,2251,2251,2251,2251,2251,2251,2251,2251,2251,2251,2251,2251,2251,2251,2251,2251,2251,2251,2251,2251,2251,2251,2251,
2394,2107,2287,2287,972,2049,2050,2051,2052,2049,2050,2051,2052,960,2251,2251,2105,1177,2107,2251,2251,2251,2251,2251,2251,2251,2251,2251,2251,2251,2251,2251,2251,2251,2251,2251,2251,2251,2251,2251,2251,2251,2251,2251,2251,2251,2251,2251,2251,2251,2251,2251,2251,2251,2251,2251,2251,2251,2251,2251,2251,2251,2251,2251,2251,2251,2251,2251,2251,2251,2251,2251,2251,2251,2251,2251,2251,2251,2251,2251,2251,2251,2251,2251,2251,2251,2251,2251,2251,2251,2251,2251,2251,2251,2251,2251,2251,2251,2251,2251,
2394,2107,2287,2251,972,2033,2034,2035,2036,2033,2034,2035,2036,974,2251,2251,2105,1207,2107,2251,2251,2251,2251,2251,2251,2251,2251,2251,2251,2251,2251,2251,2251,2251,2251,2251,2251,2251,2251,2251,2251,2251,2251,2251,2251,2251,2251,2251,2251,2251,2251,2251,2251,2251,2251,2251,2251,2251,2251,2251,2251,2251,2251,2251,2251,2251,2251,2251,2251,2251,2251,2251,2251,2251,2251,2251,2251,2251,2251,2251,2251,2251,2251,2251,2251,2251,2251,2251,2251,2251,2251,2251,2251,2251,2251,2251,2251,2251,2251,2251,
2394,2107,2287,2251,972,2041,2042,2043,2044,2041,2042,2043,2044,974,2251,2251,625,625,625,2251,2251,2251,2251,2251,2251,2251,2251,2251,2251,2251,2251,2251,2251,2251,2251,2251,2251,2251,2251,2251,2251,2251,2251,2251,2251,2251,2251,2251,2251,2251,2251,2251,2251,2251,2251,2251,2251,2251,2251,2251,2251,2251,2251,2251,2251,2251,2251,2251,2251,2251,2251,2251,2251,2251,2251,2251,2251,2251,2251,2251,2251,2251,2251,2251,2251,2251,2251,2251,2251,2251,2251,2251,2251,2251,2251,2251,2251,2251,2251,2251,
2394,2107,2287,2287,972,2049,2050,2051,2052,2049,2050,2051,2052,974,2251,2251,2105,1117,2107,2251,2251,2251,2251,2251,2251,2251,2251,2251,2251,2251,2251,2251,2251,2251,2251,2251,2251,2251,2251,2251,2251,2251,2251,2251,2251,2251,2251,2251,2251,2251,2251,2251,2251,2251,2251,2251,2251,2251,2251,2251,2251,2251,2251,2251,2251,2251,2251,2251,2251,2251,2251,2251,2251,2251,2251,2251,2251,2251,2251,2251,2251,2251,2251,2251,2251,2251,2251,2251,2251,2251,2251,2251,2251,2251,2251,2251,2251,2251,2251,2251,
2393,2107,2251,2287,972,2033,2034,2035,2036,2033,2034,2035,2036,974,2251,2287,2105,1147,2107,2251,2251,2251,2251,2251,2251,2251,2251,2251,2251,2251,2251,2251,2251,2251,2251,2251,2251,2251,2251,2251,2251,2251,2251,2251,2251,2251,2251,2251,2251,2251,2251,2251,2251,2251,2251,2251,2251,2251,2251,2251,2251,2251,2251,2251,2251,2251,2251,2251,2251,2251,2251,2251,2251,2251,2251,2251,2251,2251,2251,2251,2251,2251,2251,2251,2251,2251,2251,2251,2251,2251,2251,2251,2251,2251,2251,2251,2251,2251,2251,2251,
2393,2107,2251,2287,972,2041,2042,2043,2044,2041,2042,2043,2044,974,2251,2287,2105,1177,2107,2251,2251,2251,2251,2251,2251,2251,2251,2251,2251,2251,2251,2251,2251,2251,2251,2251,2251,2251,2251,2251,2251,2251,2251,2251,2251,2251,2251,2251,2251,2251,2251,2251,2251,2251,2251,2251,2251,2251,2251,2251,2251,2251,2251,2251,2251,2251,2251,2251,2251,2251,2251,2251,2251,2251,2251,2251,2251,2251,2251,2251,2251,2251,2251,2251,2251,2251,2251,2251,2251,2251,2251,2251,2251,2251,2251,2251,2251,2251,2251,2251,
2393,2107,2251,2251,972,2049,2050,2051,2052,2049,2050,2051,2052,974,2287,2287,2105,1207,2107,2251,2251,2251,2251,2251,2251,2251,2251,2251,2251,2251,2251,2251,2251,2251,2251,2251,2251,2251,2251,2251,2251,2251,2251,2251,2251,2251,2251,2251,2251,2251,2251,2251,2251,2251,2251,2251,2251,2251,2251,2251,2251,2251,2251,2251,2251,2251,2251,2251,2251,2251,2251,2251,2251,2251,2251,2251,2251,2251,2251,2251,2251,2251,2251,2251,2251,2251,2251,2251,2251,2251,2251,2251,2251,2251,2251,2251,2251,2251,2251,2251,
2393,2107,2251,2251,972,2057,2058,2059,2060,2057,2058,2059,2060,974,2251,2287,2105,1117,2107,2251,2251,2251,2251,2251,2251,2251,2251,2251,2251,2251,2251,2251,2251,2251,2251,2251,2251,2251,2251,2251,2251,2251,2251,2251,2251,2251,2251,2251,2251,2251,2251,2251,2251,2251,2251,2251,2251,2251,2251,2251,2251,2251,2251,2251,2251,2251,2251,2251,2251,2251,2251,2251,2251,2251,2251,2251,2251,2251,2251,2251,2251,2251,2251,2251,2251,2251,2251,2251,2251,2251,2251,2251,2251,2251,2251,2251,2251,2251,2251,2251,
2394,2107,2251,2251,972,2287,2287,2287,2287,2287,2287,2287,2287,974,2251,2251,2105,1147,2107,2251,2251,2251,2251,2251,2251,2251,2251,2251,2251,2251,2251,2251,2251,2251,2251,2251,2251,2251,2251,2251,2251,2251,2251,2251,2251,2251,2251,2251,2251,2251,2251,2251,2251,2251,2251,2251,2251,2251,2251,2251,2251,2251,2251,2251,2251,2251,2251,2251,2251,2251,2251,2251,2251,2251,2251,2251,2251,2251,2251,2251,2251,2251,2251,2251,2251,2251,2251,2251,2251,2251,2251,2251,2251,2251,2251,2251,2251,2251,2251,2251,
2393,2107,2251,2287,988,989,989,989,989,989,989,989,989,990,2251,2251,2105,1177,2107,2251,2251,2251,2251,2251,2251,2251,2251,2251,2251,2251,2251,2251,2251,2251,2251,2251,2251,2251,2251,2251,2251,2251,2251,2251,2251,2251,2251,2251,2251,2251,2251,2251,2251,2251,2251,2251,2251,2251,2251,2251,2251,2251,2251,2251,2251,2251,2251,2251,2251,2251,2251,2251,2251,2251,2251,2251,2251,2251,2251,2251,2251,2251,2251,2251,2251,2251,2251,2251,2251,2251,2251,2251,2251,2251,2251,2251,2251,2251,2251,2251,
2393,2107,2251,2287,2251,2251,2251,2251,2251,2251,2251,2287,2251,2251,2287,2251,2105,1207,2107,2251,2251,2251,2251,2251,2251,2251,2251,2251,2251,2251,2251,2251,2251,2251,2251,2251,2251,2251,2251,2251,2251,2251,2251,2251,2251,2251,2251,2251,2251,2251,2251,2251,2251,2251,2251,2251,2251,2251,2251,2251,2251,2251,2251,2251,2251,2251,2251,2251,2251,2251,2251,2251,2251,2251,2251,2251,2251,2251,2251,2251,2251,2251,2251,2251,2251,2251,2251,2251,2251,2251,2251,2251,2251,2251,2251,2251,2251,2251,2251,2251,
2393,2107,2251,2287,2287,2251,2251,2251,1854,1855,1856,2251,2251,2251,2251,2287,2105,1117,2107,2251,2251,2251,2251,2251,2251,2251,2251,2251,2251,2251,2251,2251,2251,2251,2251,2251,2251,2251,2251,2251,2251,2251,2251,2251,2251,2251,2251,2251,2251,2251,2251,2251,2251,2251,2251,2251,2251,2251,2251,2251,2251,2251,2251,2251,2251,2251,2251,2251,2251,2251,2251,2251,2251,2251,2251,2251,2251,2251,2251,2251,2251,2251,2251,2251,2251,2251,2251,2251,2251,2251,2251,2251,2251,2251,2251,2251,2251,2251,2251,2251,
2393,2394,2098,2098,2098,2098,2098,2098,1862,1863,1864,2098,2098,2098,2098,2098,1147,1147,2107,2251,2251,2251,2251,2251,2251,2251,2251,2251,2251,2251,2251,2251,2251,2251,2251,2251,2251,2251,2251,2251,2251,2251,2251,2251,2251,2251,2251,2251,2251,2251,2251,2251,2251,2251,2251,2251,2251,2251,2251,2251,2251,2251,2251,2251,2251,2251,2251,2251,2251,2251,2251,2251,2251,2251,2251,2251,2251,2251,2251,2251,2251,2251,2251,2251,2251,2251,2251,2251,2251,2251,2251,2251,2251,2251,2251,2251,2251,2251,2251,2251,
2393,2394,2395,2393,2393,2393,2394,2395,1862,1863,1864,2393,2393,2393,2394,2395,1147,1177,2107,2251,2251,2251,2251,2251,2251,2251,2251,2251,2251,2251,2251,2251,2251,2251,2251,2251,2251,2251,2251,2251,2251,2251,2251,2251,2251,2251,2251,2251,2251,2251,2251,2251,2251,2251,2251,2251,2251,2251,2251,2251,2251,2251,2251,2251,2251,2251,2251,2251,2251,2251,2251,2251,2251,2251,2251,2251,2251,2251,2251,2251,2251,2251,2251,2251,2251,2251,2251,2251,2251,2251,2251,2251,2251,2251,2251,2251,2251,2251,2251,2251,
2393,2394,2395,2393,2393,2394,2395,2395,1862,1863,1864,2393,2394,2393,2394,2395,1147,1207,2107,2251,2251,2251,2251,2251,2251,2251,2251,2251,2251,2251,2251,2251,2251,2251,2251,2251,2251,2251,2251,2251,2251,2251,2251,2251,2251,2251,2251,2251,2251,2251,2251,2251,2251,2251,2251,2251,2251,2251,2251,2251,2251,2251,2251,2251,2251,2251,2251,2251,2251,2251,2251,2251,2251,2251,2251,2251,2251,2251,2251,2251,2251,2251,2251,2251,2251,2251,2251,2251,2251,2251,2251,2251,2251,2251,2251,2251,2251,2251,2251,2251,
2114,2114,2114,2114,2114,2114,2114,2114,1862,1863,1864,2114,2114,2114,2114,2114,1147,1177,2107,2251,2251,2251,2251,2251,2251,2251,2251,2251,2251,2251,2251,2251,2251,2251,2251,2251,2251,2251,2251,2251,2251,2251,2251,2251,2251,2251,2251,2251,2251,2251,2251,2251,2251,2251,2251,2251,2251,2251,2251,2251,2251,2251,2251,2251,2251,2251,2251,2251,2251,2251,2251,2251,2251,2251,2251,2251,2251,2251,2251,2251,2251,2251,2251,2251,2251,2251,2251,2251,2251,2251,2251,2251,2251,2251,2251,2251,2251,2251,2251,2251,
2673,2673,2674,2675,286,286,286,286,1870,1871,1872,286,286,286,286,286,2105,1177,2107,2251,2251,2251,2251,2251,2251,2251,2251,2251,2251,2251,2251,2251,2251,2251,2251,2251,2251,2251,2251,2251,2251,2251,2251,2251,2251,2251,2251,2251,2251,2251,2251,2251,2251,2251,2251,2251,2251,2251,2251,2251,2251,2251,2251,2251,2251,2251,2251,2251,2251,2251,2251,2251,2251,2251,2251,2251,2251,2251,2251,2251,2251,2251,2251,2251,2251,2251,2251,2251,2251,2251,2251,2251,2251,2251,2251,2251,2251,2251,2251,2251,
2674,2675,2675,316,316,316,286,286,286,286,286,316,316,316,316,316,2105,1177,2107,2251,2251,2251,2251,2251,2251,2251,2251,2251,2251,2251,2251,2251,2251,2251,2251,2251,2251,2251,2251,2251,2251,2251,2251,2251,2251,2251,2251,2251,2251,2251,2251,2251,2251,2251,2251,2251,2251,2251,2251,2251,2251,2251,2251,2251,2251,2251,2251,2251,2251,2251,2251,2251,2251,2251,2251,2251,2251,2251,2251,2251,2251,2251,2251,2251,2251,2251,2251,2251,2251,2251,2251,2251,2251,2251,2251,2251,2251,2251,2251,2251,
2673,2674,2675,286,286,286,316,2278,2278,286,286,286,316,316,316,316,2105,1117,2107,2251,2251,2251,2251,2251,2251,2251,2251,2251,2251,2251,2251,2251,2251,2251,2251,2251,2251,2251,2251,2251,2251,2251,2251,2251,2251,2251,2251,2251,2251,2251,2251,2251,2251,2251,2251,2251,2251,2251,2251,2251,2251,2251,2251,2251,2251,2251,2251,2251,2251,2251,2251,2251,2251,2251,2251,2251,2251,2251,2251,2251,2251,2251,2251,2251,2251,2251,2251,2251,2251,2251,2251,2251,2251,2251,2251,2251,2251,2251,2251,2251,
2673,2673,2674,2675,286,286,2278,2278,2278,2279,286,286,2277,2279,286,316,2105,1147,2107,2251,2251,2251,2251,2251,2251,2251,2251,2251,2251,2251,2251,2251,2251,2251,2251,2251,2251,2251,2251,2251,2251,2251,2251,2251,2251,2251,2251,2251,2251,2251,2251,2251,2251,2251,2251,2251,2251,2251,2251,2251,2251,2251,2251,2251,2251,2251,2251,2251,2251,2251,2251,2251,2251,2251,2251,2251,2251,2251,2251,2251,2251,2251,2251,2251,2251,2251,2251,2251,2251,2251,2251,2251,2251,2251,2251,2251,2251,2251,2251,2251,
2673,2674,2673,2674,2675,316,2278,2278,2280,2280,286,2277,2279,2279,286,286,2105,1177,2107,2251,2251,2251,2251,2251,2251,2251,2251,2251,2251,2251,2251,2251,2251,2251,2251,2251,2251,2251,2251,2251,2251,2251,2251,2251,2251,2251,2251,2251,2251,2251,2251,2251,2251,2251,2251,2251,2251,2251,2251,2251,2251,2251,2251,2251,2251,2251,2251,2251,2251,2251,2251,2251,2251,2251,2251,2251,2251,2251,2251,2251,2251,2251,2251,2251,2251,2251,2251,2251,2251,2251,2251,2251,2251,2251,2251,2251,2251,2251,2251,2251,
2673,2674,2673,2674,2675,286,286,2278,316,316,316,316,2277,2279,316,286,2105,1207,2107,2251,2251,2251,2251,2251,2251,2251,2251,2251,2251,2251,2251,2251,2251,2251,2251,2251,2251,2251,2251,2251,2251,2251,2251,2251,2251,2251,2251,2251,2251,2251,2251,2251,2251,2251,2251,2251,2251,2251,2251,2251,2251,2251,2251,2251,2251,2251,2251,2251,2251,2251,2251,2251,2251,2251,2251,2251,2251,2251,2251,2251,2251,2251,2251,2251,2251,2251,2251,2251,2251,2251,2251,2251,2251,2251,2251,2251,2251,2251,2251,2251,
2673,2673,2674,2675,286,286,316,286,2065,2066,2067,2068,316,286,286,286,2105,1117,2107,2251,2251,2251,2251,2251,2251,2251,2251,2251,2251,2251,2251,2251,2251,2251,2251,2251,2251,2251,2251,2251,2251,2251,2251,2251,2251,2251,2251,2251,2251,2251,2251,2251,2251,2251,2251,2251,2251,2251,2251,2251,2251,2251,2251,2251,2251,2251,2251,2251,2251,2251,2251,2251,2251,2251,2251,2251,2251,2251,2251,2251,2251,2251,2251,2251,2251,2251,2251,2251,2251,2251,2251,2251,2251,2251,2251,2251,2251,2251,2251,2251,
2673,2673,2674,2675,316,316,316,286,2073,2074,2075,2076,316,286,316,316,2105,1147,2107,2251,2251,2251,2251,2251,2251,2251,2251,2251,2251,2251,2251,2251,2251,2251,2251,2251,2251,2251,2251,2251,2251,2251,2251,2251,2251,2251,2251,2251,2251,2251,2251,2251,2251,2251,2251,2251,2251,2251,2251,2251,2251,2251,2251,2251,2251,2251,2251,2251,2251,2251,2251,2251,2251,2251,2251,2251,2251,2251,2251,2251,2251,2251,2251,2251,2251,2251,2251,2251,2251,2251,2251,2251,2251,2251,2251,2251,2251,2251,2251,2251,
2673,2673,2674,2675,316,286,286,286,2081,2082,2083,2084,316,286,286,286,2105,1177,2107,2251,2251,2251,2251,2251,2251,2251,2251,2251,2251,2251,2251,2251,2251,2251,2251,2251,2251,2251,2251,2251,2251,2251,2251,2251,2251,2251,2251,2251,2251,2251,2251,2251,2251,2251,2251,2251,2251,2251,2251,2251,2251,2251,2251,2251,2251,2251,2251,2251,2251,2251,2251,2251,2251,2251,2251,2251,2251,2251,2251,2251,2251,2251,2251,2251,2251,2251,2251,2251,2251,2251,2251,2251,2251,2251,2251,2251,2251,2251,2251,2251,
2673,2673,2673,2674,2675,316,286,286,2089,2090,2091,2092,316,316,316,286,2105,1207,2107,2251,2251,2251,2251,2251,2251,2251,2251,2251,2251,2251,2251,2251,2251,2251,2251,2251,2251,2251,2251,2251,2251,2251,2251,2251,2251,2251,2251,2251,2251,2251,2251,2251,2251,2251,2251,2251,2251,2251,2251,2251,2251,2251,2251,2251,2251,2251,2251,2251,2251,2251,2251,2251,2251,2251,2251,2251,2251,2251,2251,2251,2251,2251,2251,2251,2251,2251,2251,2251,2251,2251,2251,2251,2251,2251,2251,2251,2251,2251,2251,2251,
2673,2674,2675,2673,2674,2675,316,286,286,286,286,286,286,286,286,286,2105,1117,2107,2251,2251,2251,2251,2251,2251,2251,2251,2251,2251,2251,2251,2251,2251,2251,2251,2251,2251,2251,2251,2251,2251,2251,2251,2251,2251,2251,2251,2251,2251,2251,2251,2251,2251,2251,2251,2251,2251,2251,2251,2251,2251,2251,2251,2251,2251,2251,2251,2251,2251,2251,2251,2251,2251,2251,2251,2251,2251,2251,2251,2251,2251,2251,2251,2251,2251,2251,2251,2251,2251,2251,2251,2251,2251,2251,2251,2251,2251,2251,2251,2251,
2673,2674,2675,2673,2673,2674,2675,316,316,286,286,286,286,2673,2674,2675,2105,1117,2107,2251,2251,2251,2251,2251,2251,2251,2251,2251,2251,2251,2251,2251,2251,2251,2251,2251,2251,2251,2251,2251,2251,2251,2251,2251,2251,2251,2251,2251,2251,2251,2251,2251,2251,2251,2251,2251,2251,2251,2251,2251,2251,2251,2251,2251,2251,2251,2251,2251,2251,2251,2251,2251,2251,2251,2251,2251,2251,2251,2251,2251,2251,2251,2251,2251,2251,2251,2251,2251,2251,2251,2251,2251,2251,2251,2251,2251,2251,2251,2251,2251,
2673,2674,2673,2673,2673,2673,2673,2674,2675,316,316,316,2673,2673,2674,2675,2105,1117,2107,2251,2251,2251,2251,2251,2251,2251,2251,2251,2251,2251,2251,2251,2251,2251,2251,2251,2251,2251,2251,2251,2251,2251,2251,2251,2251,2251,2251,2251,2251,2251,2251,2251,2251,2251,2251,2251,2251,2251,2251,2251,2251,2251,2251,2251,2251,2251,2251,2251,2251,2251,2251,2251,2251,2251,2251,2251,2251,2251,2251,2251,2251,2251,2251,2251,2251,2251,2251,2251,2251,2251,2251,2251,2251,2251,2251,2251,2251,2251,2251,2251,
2673,2673,1663,2673,2673,2674,2673,2673,2673,2673,2673,2673,2673,2673,2674,2675,2105,1117,2107,2251,2251,2251,2251,2251,2251,2251,2251,2251,2251,2251,2251,2251,2251,2251,2251,2251,2251,2251,2251,2251,2251,2251,2251,2251,2251,2251,2251,2251,2251,2251,2251,2251,2251,2251,2251,2251,2251,2251,2251,2251,2251,2251,2251,2251,2251,2251,2251,2251,2251,2251,2251,2251,2251,2251,2251,2251,2251,2251,2251,2251,2251,2251,2251,2251,2251,2251,2251,2251,2251,2251,2251,2251,2251,2251,2251,2251,2251,2251,2251,2251,
2673,2674,1671,2673,2673,2673,2674,2675,2675,2675,2675,2675,2675,2675,2675,2675,2105,1117,2107,2251,2251,2251,2251,2251,2251,2251,2251,2251,2251,2251,2251,2251,2251,2251,2251,2251,2251,2251,2251,2251,2251,2251,2251,2251,2251,2251,2251,2251,2251,2251,2251,2251,2251,2251,2251,2251,2251,2251,2251,2251,2251,2251,2251,2251,2251,2251,2251,2251,2251,2251,2251,2251,2251,2251,2251,2251,2251,2251,2251,2251,2251,2251,2251,2251,2251,2251,2251,2251,2251,2251,2251,2251,2251,2251,2251,2251,2251,2251,2251,2251,
2673,2674,2675,2673,2674,2673,2673,2673,2674,2675,2675,2675,2674,2673,2674,2675,2105,1147,2107,2251,2251,2251,2251,2251,2251,2251,2251,2251,2251,2251,2251,2251,2251,2251,2251,2251,2251,2251,2251,2251,2251,2251,2251,2251,2251,2251,2251,2251,2251,2251,2251,2251,2251,2251,2251,2251,2251,2251,2251,2251,2251,2251,2251,2251,2251,2251,2251,2251,2251,2251,2251,2251,2251,2251,2251,2251,2251,2251,2251,2251,2251,2251,2251,2251,2251,2251,2251,2251,2251,2251,2251,2251,2251,2251,2251,2251,2251,2251,2251,2251,
2673,2674,2675,2673,2674,2673,2674,2673,2673,2673,2673,2674,2675,2673,2674,2675,2105,1177,2107,2251,2251,2251,2251,2251,2251,2251,2251,2251,2251,2251,2251,2251,2251,2251,2251,2251,2251,2251,2251,2251,2251,2251,2251,2251,2251,2251,2251,2251,2251,2251,2251,2251,2251,2251,2251,2251,2251,2251,2251,2251,2251,2251,2251,2251,2251,2251,2251,2251,2251,2251,2251,2251,2251,2251,2251,2251,2251,2251,2251,2251,2251,2251,2251,2251,2251,2251,2251,2251,2251,2251,2251,2251,2251,2251,2251,2251,2251,2251,2251,2251,
2673,2673,2673,2673,2674,2673,2673,2673,2673,2674,2673,2673,2673,2673,2673,2674,2105,1207,2107,2251,2251,2251,2251,2251,2251,2251,2251,2251,2251,2251,2251,2251,2251,2251,2251,2251,2251,2251,2251,2251,2251,2251,2251,2251,2251,2251,2251,2251,2251,2251,2251,2251,2251,2251,2251,2251,2251,2251,2251,2251,2251,2251,2251,2251,2251,2251,2251,2251,2251,2251,2251,2251,2251,2251,2251,2251,2251,2251,2251,2251,2251,2251,2251,2251,2251,2251,2251,2251,2251,2251,2251,2251,2251,2251,2251,2251,2251,2251,2251,2251,
2251,2251,2251,2251,2251,2251,2251,2251,2251,2251,2251,2251,2251,2251,2251,2251,2251,2251,2251,2251,2251,2251,2251,2251,2251,2251,2251,2251,2251,2251,2251,2251,2251,2251,2251,2251,2251,2251,2251,2251,2251,2251,2251,2251,2251,2251,2251,2251,2251,2251,2251,2251,2251,2251,2251,2251,2251,2251,2251,2251,2251,2251,2251,2251,2251,2251,2251,2251,2251,2251,2251,2251,2251,2251,2251,2251,2251,2251,2251,2251,2251,2251,2251,2251,2251,2251,2251,2251,2251,2251,2251,2251,2251,2251,2251,2251,2251,2251,2251,2251,
2251,2251,2251,2251,2251,2251,2251,2251,2251,2251,2251,2251,2251,2251,2251,2251,2251,2251,2251,2251,2251,2251,2251,2251,2251,2251,2251,2251,2251,2251,2251,2251,2251,2251,2251,2251,2251,2251,2251,2251,2251,2251,2251,2251,2251,2251,2251,2251,2251,2251,2251,2251,2251,2251,2251,2251,2251,2251,2251,2251,2251,2251,2251,2251,2251,2251,2251,2251,2251,2251,2251,2251,2251,2251,2251,2251,2251,2251,2251,2251,2251,2251,2251,2251,2251,2251,2251,2251,2251,2251,2251,2251,2251,2251,2251,2251,2251,2251,2251,2251,
2251,2251,2251,2251,2251,2251,2251,2251,2251,2251,2251,2251,2251,2251,2251,2251,2251,2251,2251,2251,2251,2251,2251,2251,2251,2251,2251,2251,2251,2251,2251,2251,2251,2251,2251,2251,2251,2251,2251,2251,2251,2251,2251,2251,2251,2251,2251,2251,2251,2251,2251,2251,2251,2251,2251,2251,2251,2251,2251,2251,2251,2251,2251,2251,2251,2251,2251,2251,2251,2251,2251,2251,2251,2251,2251,2251,2251,2251,2251,2251,2251,2251,2251,2251,2251,2251,2251,2251,2251,2251,2251,2251,2251,2251,2251,2251,2251,2251,2251,2251,
2251,2251,2251,2251,2251,2251,2251,2251,2251,2251,2251,2251,2251,2251,2251,2251,2251,2251,2251,2251,2251,2251,2251,2251,2251,2251,2251,2251,2251,2251,2251,2251,2251,2251,2251,2251,2251,2251,2251,2251,2251,2251,2251,2251,2251,2251,2251,2251,2251,2251,2251,2251,2251,2251,2251,2251,2251,2251,2251,2251,2251,2251,2251,2251,2251,2251,2251,2251,2251,2251,2251,2251,2251,2251,2251,2251,2251,2251,2251,2251,2251,2251,2251,2251,2251,2251,2251,2251,2251,2251,2251,2251,2251,2251,2251,2251,2251,2251,2251,2251,
2251,2251,2251,2251,2251,2251,2251,2251,2251,2251,2251,2251,2251,2251,2251,2251,2251,2251,2251,2251,2251,2251,2251,2251,2251,2251,2251,2251,2251,2251,2251,2251,2251,2251,2251,2251,2251,2251,2251,2251,2251,2251,2251,2251,2251,2251,2251,2251,2251,2251,2251,2251,2251,2251,2251,2251,2251,2251,2251,2251,2251,2251,2251,2251,2251,2251,2251,2251,2251,2251,2251,2251,2251,2251,2251,2251,2251,2251,2251,2251,2251,2251,2251,2251,2251,2251,2251,2251,2251,2251,2251,2251,2251,2251,2251,2251,2251,2251,2251,2251,
2251,2251,2251,2251,2251,2251,2251,2251,2251,2251,2251,2251,2251,2251,2251,2251,2251,2251,2251,2251,2251,2251,2251,2251,2251,2251,2251,2251,2251,2251,2251,2251,2251,2251,2251,2251,2251,2251,2251,2251,2251,2251,2251,2251,2251,2251,2251,2251,2251,2251,2251,2251,2251,2251,2251,2251,2251,2251,2251,2251,2251,2251,2251,2251,2251,2251,2251,2251,2251,2251,2251,2251,2251,2251,2251,2251,2251,2251,2251,2251,2251,2251,2251,2251,2251,2251,2251,2251,2251,2251,2251,2251,2251,2251,2251,2251,2251,2251,2251,2251,
2251,2251,2251,2251,2251,2251,2251,2251,2251,2251,2251,2251,2251,2251,2251,2251,2251,2251,2251,2251,2251,2251,2251,2251,2251,2251,2251,2251,2251,2251,2251,2251,2251,2251,2251,2251,2251,2251,2251,2251,2251,2251,2251,2251,2251,2251,2251,2251,2251,2251,2251,2251,2251,2251,2251,2251,2251,2251,2251,2251,2251,2251,2251,2251,2251,2251,2251,2251,2251,2251,2251,2251,2251,2251,2251,2251,2251,2251,2251,2251,2251,2251,2251,2251,2251,2251,2251,2251,2251,2251,2251,2251,2251,2251,2251,2251,2251,2251,2251,2251,
2251,2251,2251,2251,2251,2251,2251,2251,2251,2251,2251,2251,2251,2251,2251,2251,2251,2251,2251,2251,2251,2251,2251,2251,2251,2251,2251,2251,2251,2251,2251,2251,2251,2251,2251,2251,2251,2251,2251,2251,2251,2251,2251,2251,2251,2251,2251,2251,2251,2251,2251,2251,2251,2251,2251,2251,2251,2251,2251,2251,2251,2251,2251,2251,2251,2251,2251,2251,2251,2251,2251,2251,2251,2251,2251,2251,2251,2251,2251,2251,2251,2251,2251,2251,2251,2251,2251,2251,2251,2251,2251,2251,2251,2251,2251,2251,2251,2251,2251,2251,
2251,2251,2251,2251,2251,2251,2251,2251,2251,2251,2251,2251,2251,2251,2251,2251,2251,2251,2251,2251,2251,2251,2251,2251,2251,2251,2251,2251,2251,2251,2251,2251,2251,2251,2251,2251,2251,2251,2251,2251,2251,2251,2251,2251,2251,2251,2251,2251,2251,2251,2251,2251,2251,2251,2251,2251,2251,2251,2251,2251,2251,2251,2251,2251,2251,2251,2251,2251,2251,2251,2251,2251,2251,2251,2251,2251,2251,2251,2251,2251,2251,2251,2251,2251,2251,2251,2251,2251,2251,2251,2251,2251,2251,2251,2251,2251,2251,2251,2251,2251,
2251,2251,2251,2251,2251,2251,2251,2251,2251,2251,2251,2251,2251,2251,2251,2251,2251,2251,2251,2251,2251,2251,2251,2251,2251,2251,2251,2251,2251,2251,2251,2251,2251,2251,2251,2251,2251,2251,2251,2251,2251,2251,2251,2251,2251,2251,2251,2251,2251,2251,2251,2251,2251,2251,2251,2251,2251,2251,2251,2251,2251,2251,2251,2251,2251,2251,2251,2251,2251,2251,2251,2251,2251,2251,2251,2251,2251,2251,2251,2251,2251,2251,2251,2251,2251,2251,2251,2251,2251,2251,2251,2251,2251,2251,2251,2251,2251,2251,2251,2251,
2251,2251,2251,2251,2251,2251,2251,2251,2251,2251,2251,2251,2251,2251,2251,2251,2251,2251,2251,2251,2251,2251,2251,2251,2251,2251,2251,2251,2251,2251,2251,2251,2251,2251,2251,2251,2251,2251,2251,2251,2251,2251,2251,2251,2251,2251,2251,2251,2251,2251,2251,2251,2251,2251,2251,2251,2251,2251,2251,2251,2251,2251,2251,2251,2251,2251,2251,2251,2251,2251,2251,2251,2251,2251,2251,2251,2251,2251,2251,2251,2251,2251,2251,2251,2251,2251,2251,2251,2251,2251,2251,2251,2251,2251,2251,2251,2251,2251,2251,2251,
2251,2251,2251,2251,2251,2251,2251,2251,2251,2251,2251,2251,2251,2251,2251,2251,2251,2251,2251,2251,2251,2251,2251,2251,2251,2251,2251,2251,2251,2251,2251,2251,2251,2251,2251,2251,2251,2251,2251,2251,2251,2251,2251,2251,2251,2251,2251,2251,2251,2251,2251,2251,2251,2251,2251,2251,2251,2251,2251,2251,2251,2251,2251,2251,2251,2251,2251,2251,2251,2251,2251,2251,2251,2251,2251,2251,2251,2251,2251,2251,2251,2251,2251,2251,2251,2251,2251,2251,2251,2251,2251,2251,2251,2251,2251,2251,2251,2251,2251,2251,
2251,2251,2251,2251,2251,2251,2251,2251,2251,2251,2251,2251,2251,2251,2251,2251,2251,2251,2251,2251,2251,2251,2251,2251,2251,2251,2251,2251,2251,2251,2251,2251,2251,2251,2251,2251,2251,2251,2251,2251,2251,2251,2251,2251,2251,2251,2251,2251,2251,2251,2251,2251,2251,2251,2251,2251,2251,2251,2251,2251,2251,2251,2251,2251,2251,2251,2251,2251,2251,2251,2251,2251,2251,2251,2251,2251,2251,2251,2251,2251,2251,2251,2251,2251,2251,2251,2251,2251,2251,2251,2251,2251,2251,2251,2251,2251,2251,2251,2251,2251,
2251,2251,2251,2251,2251,2251,2251,2251,2251,2251,2251,2251,2251,2251,2251,2251,2251,2251,2251,2251,2251,2251,2251,2251,2251,2251,2251,2251,2251,2251,2251,2251,2251,2251,2251,2251,2251,2251,2251,2251,2251,2251,2251,2251,2251,2251,2251,2251,2251,2251,2251,2251,2251,2251,2251,2251,2251,2251,2251,2251,2251,2251,2251,2251,2251,2251,2251,2251,2251,2251,2251,2251,2251,2251,2251,2251,2251,2251,2251,2251,2251,2251,2251,2251,2251,2251,2251,2251,2251,2251,2251,2251,2251,2251,2251,2251,2251,2251,2251,2251,
2251,2251,2251,2251,2251,2251,2251,2251,2251,2251,2251,2251,2251,2251,2251,2251,2251,2251,2251,2251,2251,2251,2251,2251,2251,2251,2251,2251,2251,2251,2251,2251,2251,2251,2251,2251,2251,2251,2251,2251,2251,2251,2251,2251,2251,2251,2251,2251,2251,2251,2251,2251,2251,2251,2251,2251,2251,2251,2251,2251,2251,2251,2251,2251,2251,2251,2251,2251,2251,2251,2251,2251,2251,2251,2251,2251,2251,2251,2251,2251,2251,2251,2251,2251,2251,2251,2251,2251,2251,2251,2251,2251,2251,2251,2251,2251,2251,2251,2251,2251,
2251,2251,2251,2251,2251,2251,2251,2251,2251,2251,2251,2251,2251,2251,2251,2251,2251,2251,2251,2251,2251,2251,2251,2251,2251,2251,2251,2251,2251,2251,2251,2251,2251,2251,2251,2251,2251,2251,2251,2251,2251,2251,2251,2251,2251,2251,2251,2251,2251,2251,2251,2251,2251,2251,2251,2251,2251,2251,2251,2251,2251,2251,2251,2251,2251,2251,2251,2251,2251,2251,2251,2251,2251,2251,2251,2251,2251,2251,2251,2251,2251,2251,2251,2251,2251,2251,2251,2251,2251,2251,2251,2251,2251,2251,2251,2251,2251,2251,2251,2251,
2251,2251,2251,2251,2251,2251,2251,2251,2251,2251,2251,2251,2251,2251,2251,2251,2251,2251,2251,2251,2251,2251,2251,2251,2251,2251,2251,2251,2251,2251,2251,2251,2251,2251,2251,2251,2251,2251,2251,2251,2251,2251,2251,2251,2251,2251,2251,2251,2251,2251,2251,2251,2251,2251,2251,2251,2251,2251,2251,2251,2251,2251,2251,2251,2251,2251,2251,2251,2251,2251,2251,2251,2251,2251,2251,2251,2251,2251,2251,2251,2251,2251,2251,2251,2251,2251,2251,2251,2251,2251,2251,2251,2251,2251,2251,2251,2251,2251,2251,2251,
2251,2251,2251,2251,2251,2251,2251,2251,2251,2251,2251,2251,2251,2251,2251,2251,2251,2251,2251,2251,2251,2251,2251,2251,2251,2251,2251,2251,2251,2251,2251,2251,2251,2251,2251,2251,2251,2251,2251,2251,2251,2251,2251,2251,2251,2251,2251,2251,2251,2251,2251,2251,2251,2251,2251,2251,2251,2251,2251,2251,2251,2251,2251,2251,2251,2251,2251,2251,2251,2251,2251,2251,2251,2251,2251,2251,2251,2251,2251,2251,2251,2251,2251,2251,2251,2251,2251,2251,2251,2251,2251,2251,2251,2251,2251,2251,2251,2251,2251,2251,
2251,2251,2251,2251,2251,2251,2251,2251,2251,2251,2251,2251,2251,2251,2251,2251,2251,2251,2251,2251,2251,2251,2251,2251,2251,2251,2251,2251,2251,2251,2251,2251,2251,2251,2251,2251,2251,2251,2251,2251,2251,2251,2251,2251,2251,2251,2251,2251,2251,2251,2251,2251,2251,2251,2251,2251,2251,2251,2251,2251,2251,2251,2251,2251,2251,2251,2251,2251,2251,2251,2251,2251,2251,2251,2251,2251,2251,2251,2251,2251,2251,2251,2251,2251,2251,2251,2251,2251,2251,2251,2251,2251,2251,2251,2251,2251,2251,2251,2251,2251,
2251,2251,2251,2251,2251,2251,2251,2251,2251,2251,2251,2251,2251,2251,2251,2251,2251,2251,2251,2251,2251,2251,2251,2251,2251,2251,2251,2251,2251,2251,2251,2251,2251,2251,2251,2251,2251,2251,2251,2251,2251,2251,2251,2251,2251,2251,2251,2251,2251,2251,2251,2251,2251,2251,2251,2251,2251,2251,2251,2251,2251,2251,2251,2251,2251,2251,2251,2251,2251,2251,2251,2251,2251,2251,2251,2251,2251,2251,2251,2251,2251,2251,2251,2251,2251,2251,2251,2251,2251,2251,2251,2251,2251,2251,2251,2251,2251,2251,2251,2251,
2251,2251,2251,2251,2251,2251,2251,2251,2251,2251,2251,2251,2251,2251,2251,2251,2251,2251,2251,2251,2251,2251,2251,2251,2251,2251,2251,2251,2251,2251,2251,2251,2251,2251,2251,2251,2251,2251,2251,2251,2251,2251,2251,2251,2251,2251,2251,2251,2251,2251,2251,2251,2251,2251,2251,2251,2251,2251,2251,2251,2251,2251,2251,2251,2251,2251,2251,2251,2251,2251,2251,2251,2251,2251,2251,2251,2251,2251,2251,2251,2251,2251,2251,2251,2251,2251,2251,2251,2251,2251,2251,2251,2251,2251,2251,2251,2251,2251,2251,2251,
2251,2251,2251,2251,2251,2251,2251,2251,2251,2251,2251,2251,2251,2251,2251,2251,2251,2251,2251,2251,2251,2251,2251,2251,2251,2251,2251,2251,2251,2251,2251,2251,2251,2251,2251,2251,2251,2251,2251,2251,2251,2251,2251,2251,2251,2251,2251,2251,2251,2251,2251,2251,2251,2251,2251,2251,2251,2251,2251,2251,2251,2251,2251,2251,2251,2251,2251,2251,2251,2251,2251,2251,2251,2251,2251,2251,2251,2251,2251,2251,2251,2251,2251,2251,2251,2251,2251,2251,2251,2251,2251,2251,2251,2251,2251,2251,2251,2251,2251,2251,
2251,2251,2251,2251,2251,2251,2251,2251,2251,2251,2251,2251,2251,2251,2251,2251,2251,2251,2251,2251,2251,2251,2251,2251,2251,2251,2251,2251,2251,2251,2251,2251,2251,2251,2251,2251,2251,2251,2251,2251,2251,2251,2251,2251,2251,2251,2251,2251,2251,2251,2251,2251,2251,2251,2251,2251,2251,2251,2251,2251,2251,2251,2251,2251,2251,2251,2251,2251,2251,2251,2251,2251,2251,2251,2251,2251,2251,2251,2251,2251,2251,2251,2251,2251,2251,2251,2251,2251,2251,2251,2251,2251,2251,2251,2251,2251,2251,2251,2251,2251,
2251,2251,2251,2251,2251,2251,2251,2251,2251,2251,2251,2251,2251,2251,2251,2251,2251,2251,2251,2251,2251,2251,2251,2251,2251,2251,2251,2251,2251,2251,2251,2251,2251,2251,2251,2251,2251,2251,2251,2251,2251,2251,2251,2251,2251,2251,2251,2251,2251,2251,2251,2251,2251,2251,2251,2251,2251,2251,2251,2251,2251,2251,2251,2251,2251,2251,2251,2251,2251,2251,2251,2251,2251,2251,2251,2251,2251,2251,2251,2251,2251,2251,2251,2251,2251,2251,2251,2251,2251,2251,2251,2251,2251,2251,2251,2251,2251,2251,2251,2251,
2251,2251,2251,2251,2251,2251,2251,2251,2251,2251,2251,2251,2251,2251,2251,2251,2251,2251,2251,2251,2251,2251,2251,2251,2251,2251,2251,2251,2251,2251,2251,2251,2251,2251,2251,2251,2251,2251,2251,2251,2251,2251,2251,2251,2251,2251,2251,2251,2251,2251,2251,2251,2251,2251,2251,2251,2251,2251,2251,2251,2251,2251,2251,2251,2251,2251,2251,2251,2251,2251,2251,2251,2251,2251,2251,2251,2251,2251,2251,2251,2251,2251,2251,2251,2251,2251,2251,2251,2251,2251,2251,2251,2251,2251,2251,2251,2251,2251,2251,2251,
2251,2251,2251,2251,2251,2251,2251,2251,2251,2251,2251,2251,2251,2251,2251,2251,2251,2251,2251,2251,2251,2251,2251,2251,2251,2251,2251,2251,2251,2251,2251,2251,2251,2251,2251,2251,2251,2251,2251,2251,2251,2251,2251,2251,2251,2251,2251,2251,2251,2251,2251,2251,2251,2251,2251,2251,2251,2251,2251,2251,2251,2251,2251,2251,2251,2251,2251,2251,2251,2251,2251,2251,2251,2251,2251,2251,2251,2251,2251,2251,2251,2251,2251,2251,2251,2251,2251,2251,2251,2251,2251,2251,2251,2251,2251,2251,2251,2251,2251,2251,
2251,2251,2251,2251,2251,2251,2251,2251,2251,2251,2251,2251,2251,2251,2251,2251,2251,2251,2251,2251,2251,2251,2251,2251,2251,2251,2251,2251,2251,2251,2251,2251,2251,2251,2251,2251,2251,2251,2251,2251,2251,2251,2251,2251,2251,2251,2251,2251,2251,2251,2251,2251,2251,2251,2251,2251,2251,2251,2251,2251,2251,2251,2251,2251,2251,2251,2251,2251,2251,2251,2251,2251,2251,2251,2251,2251,2251,2251,2251,2251,2251,2251,2251,2251,2251,2251,2251,2251,2251,2251,2251,2251,2251,2251,2251,2251,2251,2251,2251,2251,
2251,2251,2251,2251,2251,2251,2251,2251,2251,2251,2251,2251,2251,2251,2251,2251,2251,2251,2251,2251,2251,2251,2251,2251,2251,2251,2251,2251,2251,2251,2251,2251,2251,2251,2251,2251,2251,2251,2251,2251,2251,2251,2251,2251,2251,2251,2251,2251,2251,2251,2251,2251,2251,2251,2251,2251,2251,2251,2251,2251,2251,2251,2251,2251,2251,2251,2251,2251,2251,2251,2251,2251,2251,2251,2251,2251,2251,2251,2251,2251,2251,2251,2251,2251,2251,2251,2251,2251,2251,2251,2251,2251,2251,2251,2251,2251,2251,2251,2251,2251,
2251,2251,2251,2251,2251,2251,2251,2251,2251,2251,2251,2251,2251,2251,2251,2251,2251,2251,2251,2251,2251,2251,2251,2251,2251,2251,2251,2251,2251,2251,2251,2251,2251,2251,2251,2251,2251,2251,2251,2251,2251,2251,2251,2251,2251,2251,2251,2251,2251,2251,2251,2251,2251,2251,2251,2251,2251,2251,2251,2251,2251,2251,2251,2251,2251,2251,2251,2251,2251,2251,2251,2251,2251,2251,2251,2251,2251,2251,2251,2251,2251,2251,2251,2251,2251,2251,2251,2251,2251,2251,2251,2251,2251,2251,2251,2251,2251,2251,2251,2251,
2251,2251,2251,2251,2251,2251,2251,2251,2251,2251,2251,2251,2251,2251,2251,2251,2251,2251,2251,2251,2251,2251,2251,2251,2251,2251,2251,2251,2251,2251,2251,2251,2251,2251,2251,2251,2251,2251,2251,2251,2251,2251,2251,2251,2251,2251,2251,2251,2251,2251,2251,2251,2251,2251,2251,2251,2251,2251,2251,2251,2251,2251,2251,2251,2251,2251,2251,2251,2251,2251,2251,2251,2251,2251,2251,2251,2251,2251,2251,2251,2251,2251,2251,2251,2251,2251,2251,2251,2251,2251,2251,2251,2251,2251,2251,2251,2251,2251,2251,2251,
2251,2251,2251,2251,2251,2251,2251,2251,2251,2251,2251,2251,2251,2251,2251,2251,2251,2251,2251,2251,2251,2251,2251,2251,2251,2251,2251,2251,2251,2251,2251,2251,2251,2251,2251,2251,2251,2251,2251,2251,2251,2251,2251,2251,2251,2251,2251,2251,2251,2251,2251,2251,2251,2251,2251,2251,2251,2251,2251,2251,2251,2251,2251,2251,2251,2251,2251,2251,2251,2251,2251,2251,2251,2251,2251,2251,2251,2251,2251,2251,2251,2251,2251,2251,2251,2251,2251,2251,2251,2251,2251,2251,2251,2251,2251,2251,2251,2251,2251,2251,
2251,2251,2251,2251,2251,2251,2251,2251,2251,2251,2251,2251,2251,2251,2251,2251,2251,2251,2251,2251,2251,2251,2251,2251,2251,2251,2251,2251,2251,2251,2251,2251,2251,2251,2251,2251,2251,2251,2251,2251,2251,2251,2251,2251,2251,2251,2251,2251,2251,2251,2251,2251,2251,2251,2251,2251,2251,2251,2251,2251,2251,2251,2251,2251,2251,2251,2251,2251,2251,2251,2251,2251,2251,2251,2251,2251,2251,2251,2251,2251,2251,2251,2251,2251,2251,2251,2251,2251,2251,2251,2251,2251,2251,2251,2251,2251,2251,2251,2251,2251,
2251,2251,2251,2251,2251,2251,2251,2251,2251,2251,2251,2251,2251,2251,2251,2251,2251,2251,2251,2251,2251,2251,2251,2251,2251,2251,2251,2251,2251,2251,2251,2251,2251,2251,2251,2251,2251,2251,2251,2251,2251,2251,2251,2251,2251,2251,2251,2251,2251,2251,2251,2251,2251,2251,2251,2251,2251,2251,2251,2251,2251,2251,2251,2251,2251,2251,2251,2251,2251,2251,2251,2251,2251,2251,2251,2251,2251,2251,2251,2251,2251,2251,2251,2251,2251,2251,2251,2251,2251,2251,2251,2251,2251,2251,2251,2251,2251,2251,2251,2251,
2251,2251,2251,2251,2251,2251,2251,2251,2251,2251,2251,2251,2251,2251,2251,2251,2251,2251,2251,2251,2251,2251,2251,2251,2251,2251,2251,2251,2251,2251,2251,2251,2251,2251,2251,2251,2251,2251,2251,2251,2251,2251,2251,2251,2251,2251,2251,2251,2251,2251,2251,2251,2251,2251,2251,2251,2251,2251,2251,2251,2251,2251,2251,2251,2251,2251,2251,2251,2251,2251,2251,2251,2251,2251,2251,2251,2251,2251,2251,2251,2251,2251,2251,2251,2251,2251,2251,2251,2251,2251,2251,2251,2251,2251,2251,2251,2251,2251,2251,2251,
2251,2251,2251,2251,2251,2251,2251,2251,2251,2251,2251,2251,2251,2251,2251,2251,2251,2251,2251,2251,2251,2251,2251,2251,2251,2251,2251,2251,2251,2251,2251,2251,2251,2251,2251,2251,2251,2251,2251,2251,2251,2251,2251,2251,2251,2251,2251,2251,2251,2251,2251,2251,2251,2251,2251,2251,2251,2251,2251,2251,2251,2251,2251,2251,2251,2251,2251,2251,2251,2251,2251,2251,2251,2251,2251,2251,2251,2251,2251,2251,2251,2251,2251,2251,2251,2251,2251,2251,2251,2251,2251,2251,2251,2251,2251,2251,2251,2251,2251,2251,
2251,2251,2251,2251,2251,2251,2251,2251,2251,2251,2251,2251,2251,2251,2251,2251,2251,2251,2251,2251,2251,2251,2251,2251,2251,2251,2251,2251,2251,2251,2251,2251,2251,2251,2251,2251,2251,2251,2251,2251,2251,2251,2251,2251,2251,2251,2251,2251,2251,2251,2251,2251,2251,2251,2251,2251,2251,2251,2251,2251,2251,2251,2251,2251,2251,2251,2251,2251,2251,2251,2251,2251,2251,2251,2251,2251,2251,2251,2251,2251,2251,2251,2251,2251,2251,2251,2251,2251,2251,2251,2251,2251,2251,2251,2251,2251,2251,2251,2251,2251,
2251,2251,2251,2251,2251,2251,2251,2251,2251,2251,2251,2251,2251,2251,2251,2251,2251,2251,2251,2251,2251,2251,2251,2251,2251,2251,2251,2251,2251,2251,2251,2251,2251,2251,2251,2251,2251,2251,2251,2251,2251,2251,2251,2251,2251,2251,2251,2251,2251,2251,2251,2251,2251,2251,2251,2251,2251,2251,2251,2251,2251,2251,2251,2251,2251,2251,2251,2251,2251,2251,2251,2251,2251,2251,2251,2251,2251,2251,2251,2251,2251,2251,2251,2251,2251,2251,2251,2251,2251,2251,2251,2251,2251,2251,2251,2251,2251,2251,2251,2251,
2251,2251,2251,2251,2251,2251,2251,2251,2251,2251,2251,2251,2251,2251,2251,2251,2251,2251,2251,2251,2251,2251,2251,2251,2251,2251,2251,2251,2251,2251,2251,2251,2251,2251,2251,2251,2251,2251,2251,2251,2251,2251,2251,2251,2251,2251,2251,2251,2251,2251,2251,2251,2251,2251,2251,2251,2251,2251,2251,2251,2251,2251,2251,2251,2251,2251,2251,2251,2251,2251,2251,2251,2251,2251,2251,2251,2251,2251,2251,2251,2251,2251,2251,2251,2251,2251,2251,2251,2251,2251,2251,2251,2251,2251,2251,2251,2251,2251,2251,2251,
2251,2251,2251,2251,2251,2251,2251,2251,2251,2251,2251,2251,2251,2251,2251,2251,2251,2251,2251,2251,2251,2251,2251,2251,2251,2251,2251,2251,2251,2251,2251,2251,2251,2251,2251,2251,2251,2251,2251,2251,2251,2251,2251,2251,2251,2251,2251,2251,2251,2251,2251,2251,2251,2251,2251,2251,2251,2251,2251,2251,2251,2251,2251,2251,2251,2251,2251,2251,2251,2251,2251,2251,2251,2251,2251,2251,2251,2251,2251,2251,2251,2251,2251,2251,2251,2251,2251,2251,2251,2251,2251,2251,2251,2251,2251,2251,2251,2251,2251,2251,
2251,2251,2251,2251,2251,2251,2251,2251,2251,2251,2251,2251,2251,2251,2251,2251,2251,2251,2251,2251,2251,2251,2251,2251,2251,2251,2251,2251,2251,2251,2251,2251,2251,2251,2251,2251,2251,2251,2251,2251,2251,2251,2251,2251,2251,2251,2251,2251,2251,2251,2251,2251,2251,2251,2251,2251,2251,2251,2251,2251,2251,2251,2251,2251,2251,2251,2251,2251,2251,2251,2251,2251,2251,2251,2251,2251,2251,2251,2251,2251,2251,2251,2251,2251,2251,2251,2251,2251,2251,2251,2251,2251,2251,2251,2251,2251,2251,2251,2251,2251,
2251,2251,2251,2251,2251,2251,2251,2251,2251,2251,2251,2251,2251,2251,2251,2251,2251,2251,2251,2251,2251,2251,2251,2251,2251,2251,2251,2251,2251,2251,2251,2251,2251,2251,2251,2251,2251,2251,2251,2251,2251,2251,2251,2251,2251,2251,2251,2251,2251,2251,2251,2251,2251,2251,2251,2251,2251,2251,2251,2251,2251,2251,2251,2251,2251,2251,2251,2251,2251,2251,2251,2251,2251,2251,2251,2251,2251,2251,2251,2251,2251,2251,2251,2251,2251,2251,2251,2251,2251,2251,2251,2251,2251,2251,2251,2251,2251,2251,2251,2251,
2251,2251,2251,2251,2251,2251,2251,2251,2251,2251,2251,2251,2251,2251,2251,2251,2251,2251,2251,2251,2251,2251,2251,2251,2251,2251,2251,2251,2251,2251,2251,2251,2251,2251,2251,2251,2251,2251,2251,2251,2251,2251,2251,2251,2251,2251,2251,2251,2251,2251,2251,2251,2251,2251,2251,2251,2251,2251,2251,2251,2251,2251,2251,2251,2251,2251,2251,2251,2251,2251,2251,2251,2251,2251,2251,2251,2251,2251,2251,2251,2251,2251,2251,2251,2251,2251,2251,2251,2251,2251,2251,2251,2251,2251,2251,2251,2251,2251,2251,2251,
2251,2251,2251,2251,2251,2251,2251,2251,2251,2251,2251,2251,2251,2251,2251,2251,2251,2251,2251,2251,2251,2251,2251,2251,2251,2251,2251,2251,2251,2251,2251,2251,2251,2251,2251,2251,2251,2251,2251,2251,2251,2251,2251,2251,2251,2251,2251,2251,2251,2251,2251,2251,2251,2251,2251,2251,2251,2251,2251,2251,2251,2251,2251,2251,2251,2251,2251,2251,2251,2251,2251,2251,2251,2251,2251,2251,2251,2251,2251,2251,2251,2251,2251,2251,2251,2251,2251,2251,2251,2251,2251,2251,2251,2251,2251,2251,2251,2251,2251,2251,
2251,2251,2251,2251,2251,2251,2251,2251,2251,2251,2251,2251,2251,2251,2251,2251,2251,2251,2251,2251,2251,2251,2251,2251,2251,2251,2251,2251,2251,2251,2251,2251,2251,2251,2251,2251,2251,2251,2251,2251,2251,2251,2251,2251,2251,2251,2251,2251,2251,2251,2251,2251,2251,2251,2251,2251,2251,2251,2251,2251,2251,2251,2251,2251,2251,2251,2251,2251,2251,2251,2251,2251,2251,2251,2251,2251,2251,2251,2251,2251,2251,2251,2251,2251,2251,2251,2251,2251,2251,2251,2251,2251,2251,2251,2251,2251,2251,2251,2251,2251,
2251,2251,2251,2251,2251,2251,2251,2251,2251,2251,2251,2251,2251,2251,2251,2251,2251,2251,2251,2251,2251,2251,2251,2251,2251,2251,2251,2251,2251,2251,2251,2251,2251,2251,2251,2251,2251,2251,2251,2251,2251,2251,2251,2251,2251,2251,2251,2251,2251,2251,2251,2251,2251,2251,2251,2251,2251,2251,2251,2251,2251,2251,2251,2251,2251,2251,2251,2251,2251,2251,2251,2251,2251,2251,2251,2251,2251,2251,2251,2251,2251,2251,2251,2251,2251,2251,2251,2251,2251,2251,2251,2251,2251,2251,2251,2251,2251,2251,2251,2251,
2251,2251,2251,2251,2251,2251,2251,2251,2251,2251,2251,2251,2251,2251,2251,2251,2251,2251,2251,2251,2251,2251,2251,2251,2251,2251,2251,2251,2251,2251,2251,2251,2251,2251,2251,2251,2251,2251,2251,2251,2251,2251,2251,2251,2251,2251,2251,2251,2251,2251,2251,2251,2251,2251,2251,2251,2251,2251,2251,2251,2251,2251,2251,2251,2251,2251,2251,2251,2251,2251,2251,2251,2251,2251,2251,2251,2251,2251,2251,2251,2251,2251,2251,2251,2251,2251,2251,2251,2251,2251,2251,2251,2251,2251,2251,2251,2251,2251,2251,2251,
2251,2251,2251,2251,2251,2251,2251,2251,2251,2251,2251,2251,2251,2251,2251,2251,2251,2251,2251,2251,2251,2251,2251,2251,2251,2251,2251,2251,2251,2251,2251,2251,2251,2251,2251,2251,2251,2251,2251,2251,2251,2251,2251,2251,2251,2251,2251,2251,2251,2251,2251,2251,2251,2251,2251,2251,2251,2251,2251,2251,2251,2251,2251,2251,2251,2251,2251,2251,2251,2251,2251,2251,2251,2251,2251,2251,2251,2251,2251,2251,2251,2251,2251,2251,2251,2251,2251,2251,2251,2251,2251,2251,2251,2251,2251,2251,2251,2251,2251,2251,
2251,2251,2251,2251,2251,2251,2251,2251,2251,2251,2251,2251,2251,2251,2251,2251,2251,2251,2251,2251,2251,2251,2251,2251,2251,2251,2251,2251,2251,2251,2251,2251,2251,2251,2251,2251,2251,2251,2251,2251,2251,2251,2251,2251,2251,2251,2251,2251,2251,2251,2251,2251,2251,2251,2251,2251,2251,2251,2251,2251,2251,2251,2251,2251,2251,2251,2251,2251,2251,2251,2251,2251,2251,2251,2251,2251,2251,2251,2251,2251,2251,2251,2251,2251,2251,2251,2251,2251,2251,2251,2251,2251,2251,2251,2251,2251,2251,2251,2251,2251,
2251,2251,2251,2251,2251,2251,2251,2251,2251,2251,2251,2251,2251,2251,2251,2251,2251,2251,2251,2251,2251,2251,2251,2251,2251,2251,2251,2251,2251,2251,2251,2251,2251,2251,2251,2251,2251,2251,2251,2251,2251,2251,2251,2251,2251,2251,2251,2251,2251,2251,2251,2251,2251,2251,2251,2251,2251,2251,2251,2251,2251,2251,2251,2251,2251,2251,2251,2251,2251,2251,2251,2251,2251,2251,2251,2251,2251,2251,2251,2251,2251,2251,2251,2251,2251,2251,2251,2251,2251,2251,2251,2251,2251,2251,2251,2251,2251,2251,2251,2251
